filter_hs,nb_filters,dropout_p,trainable_embeddings,pretrained_embeddings,acc
[2,3,4,5] 25 [0.2,0.5] True True 0.6776
[2,3,4,5] 50 [0.2,0.5] True True 0.6836
[2,3,4,5] 100 [0.2,0.5] True True 0.6804
[2,3,4,5] 150 [0.2,0.5] True True 0.6798
[2,3,4,5] 200 [0.2,0.5] True True 0.6801
[2,3,4,5] 300 [0.2,0.5] True True 0.6777
[5,6,7,8] 25 [0.2,0.5] True True 0.6797
[5,6,7,8] 50 [0.2,0.5] True True 0.6836
[5,6,7,8] 100 [0.2,0.5] True True .6821
[5,6,7,8] 150 [0.2,0.5] True True .6819
[5,6,7,8] 200 [0.2,0.5] True True .6820
[5,6,7,8] 300 [0.2,0.5] True True .6850
[8,9,10,11] 25 [0.2,0.5] True True 0.6795
[8,9,10,11] 50 [0.2,0.5] True True 0.6836
[8,9,10,11] 100 [0.2,0.5] True True 0.6843
[8,9,10,11] 150 [0.2,0.5] True True 0.6808
[8,9,10,11] 200 [0.2,0.5] True True 0.6794
[8,9,10,11] 300 [0.2,0.5] True True 0.6776
[5,10,15] 25 [0.2,0.5] True True 0.6825
[5,10,15] 50 [0.2,0.5] True True 0.6850
[5,10,15] 100 [0.2,0.5] True True 0.6853
[5,10,15] 150 [0.2,0.5] True True 0.6866
[5,10,15] 200 [0.2,0.5] True True 0.6830
[5,10,15] 300 [0.2,0.5] True True 0.6819
[5,6,7,8,10,15] 25 [0.2,0.5] True True 0.6832
[5,6,7,8,10,15] 50 [0.2,0.5] True True 0.6834
[5,6,7,8,10,15] 100 [0.2,0.5] True True 0.6828
[5,6,7,8,10,15] 150 [0.2,0.5] True True 0.6800
[5,6,7,8,10,15] 200 [0.2,0.5] True True 0.6741
[5,6,7,8,10,15] 200 [0.2,0.5] True True 0.6766

KMAX, k=4
